J48: [98.44097995545657,64.38053097345133,77.87610619469027,94.56366237482118,57.142857142857146,52.13849287169043,70.5,57.77777777777778,73.828125,100.0,73.6842105263158,83.33333333333333,77.02702702702703,69.03846153846153,82.31009365244537,88.95,82.25806451612904,67.12962962962963,100.0,97.05246913580247,80.51282051282051,70.0,96.19047619047619,75.83176396735719,93.33333333333333,99.53095684803002,92.97978700282547,59.602649006622514,84.55114822546973,90.0,72.45862884160756,81.51515151515152,58.125765618619845,92.07920792079207,]
IBk: [99.10913140311804,52.876106194690266,77.87610619469027,95.13590844062946,63.80952380952381,44.33129667345553,72.0,74.44444444444444,70.18229166666667,100.0,82.45614035087719,79.16666666666667,82.43243243243244,54.26923076923077,76.69094693028096,95.85,76.61290322580645,59.25925925925926,100.0,98.37962962962963,96.41025641025641,66.66666666666667,96.57142857142857,91.46264908976774,93.33333333333333,99.24953095684803,90.78461204086068,62.25165562913907,98.95615866388309,60.0,69.8581560283688,99.29292929292929,65.39403838301348,96.03960396039604,]
